e:0.118238352872
s:0.095853938122
i:0.0857365946584
a:0.075957049745
r:0.0719510912001
n:0.0670203399029
t:0.0631949097635
o:0.0604072410719
l:0.0520663857216
d:0.0382675918286
c:0.0379740947276
u:0.0345119364717
g:0.0308426689408
p:0.0285622518427
m:0.0274015538733
h:0.0223722318516
b:0.0197119298265
y:0.0149218356305
f:0.0140812156318
k:0.0103776144777
v:0.0101738278113
w:0.00945282172543
z:0.00415326086355
x:0.00299034782175
j:0.0019714144899
q:0.00180749912782
